Enter puzzle size (8-puzzle, 15 puzzle, 24 puzzle): 15
Progress: 0%
    1     3    14    15
    5     2    12     7
    9     6     0     4
   13    10    11     8
---------------
Progress: 4%
    1     3     8    12
    5     2     0     4
    9     6     7    14
   13    10    15    11
---------------
Progress: 8%
    1     3    15    10
    9     0     2     7
   13     5    12     4
   14     6    11     8
---------------
Progress: 12%
    1     3    11    12
    5     2     4    15
    9     6     7     0
   13    14     8    10
---------------
Progress: 16%
    1     3    11    12
    5     2     0     4
    9     6     7    15
   13    14     8    10
---------------
Progress: 20%
    1     2    11    12
    5     6     8    10
    9    14     4     7
   13    15     3     0
---------------
Progress: 24%
    1     3    14    15
    5     2    12     4
    9     6     0     8
   13    10    11     7
---------------
Progress: 28%
    1     3     8    12
    5     2     4    14
    9     6     7     0
   13    10    15    11
---------------
Progress: 32%
    1     3     7    11
    5     6     8     0
    9    10     4    12
   13    14     2    15
---------------
Progress: 36%
    1     3     4     8
    5     2     7    12
    9     6     0    15
   13    10    11    14
---------------
Progress: 40%
    1     2     4    11
    5     6     7    12
    9    14    10     0
   13    15     3     8
---------------
Progress: 44%
    1     3    11    12
    5     2     0     4
    9     6     7    15
   13    14     8    10
---------------
Progress: 48%
    1     2    11    12
    5     6     8    10
    9    14     4     7
   13    15     3     0
---------------
Progress: 52%
    1     3     7    11
    5     6     8     0
    9    10     4    12
   13    14     2    15
---------------
Progress: 56%
    1     2     4    11
    5     6     7    12
    9    14    10     0
   13    15     3     8
---------------
Progress: 60%
    1     8     4    11
    5     2     3    12
    9     6     0    10
   13    14    15     7
---------------
Progress: 64%
    1     2    11    12
    5     6     8    10
    9    14     4     7
   13    15     3     0
---------------
Progress: 68%
    1     8     4    11
    5     2     3    12
    9     6     0    10
   13    14    15     7
---------------
Progress: 72%
    1     3     4     8
    5     2     7    12
    9     6    15    14
   13    10    11     0
---------------
Progress: 76%
    1     8     0    15
    5     2     6     3
    9    14    10     4
   13     7    12    11
---------------
Progress: 80%
    1     2     4    11
    5     6     0    12
    9    14     7    10
   13    15     3     8
---------------
Progress: 84%
    1     2    10     0
    9     7    15     3
   13     5    12     4
   14     6    11     8
---------------
Progress: 88%
    1     3    14    15
    5     2    12     7
    9     6     0     4
   13    10    11     8
---------------
Progress: 92%
    1     3    11    12
    5     2     4     0
    9     6     7    15
   13    14     8    10
---------------
Progress: 96%
    1     3     7    11
    5     6     8     0
    9    10     4    12
   13    14     2    15
---------------
Progress: 0%
    1     2    15     7
    5     6    12     3
    9    10    11     4
   13     0    14     8
---------------
Progress: 4%
    1     8     4    11
    5     2     3    12
    9     6     0    10
   13    14    15     7
---------------
Progress: 8%
    1     3    14    15
    5     2     7     0
    9     6    12     4
   13    10    11     8
---------------
Progress: 12%
    1     3    15     7
    5     2    14     4
    9     6    12     8
   13    10    11     0
---------------
Progress: 16%
    1     8     0    15
    5     2     6     3
    9    14    10     4
   13     7    12    11
---------------
Progress: 20%
    1     8     4    11
    5     0     2    12
    9     6     3    10
   13    14    15     7
---------------
Progress: 24%
    1     2    10     0
    9     7    15     3
   13     5    12     4
   14     6    11     8
---------------
Progress: 28%
    1     3     8    12
    5     2     7    14
    9     6    15     0
   13    10     4    11
---------------
Progress: 32%
    1     3     4     8
    5     2     7    12
    9     6    15    14
   13    10    11     0
---------------
Progress: 36%
    1     2     8    11
    5     6     4    12
    9    14     0    10
   13    15     3     7
---------------
Progress: 40%
    1     3     8    12
    5     2     4    14
    9     6     7     0
   13    10    15    11
---------------
Progress: 44%
    1     3    15    10
    9     2    12     7
   13     5     4     0
   14     6    11     8
---------------
Progress: 48%
    1     2    15     7
    5     6    12     3
    9    10    11     4
   13    14     8     0
---------------
Progress: 52%
    1    15    12     7
    5     2    11     3
    9     6     0     4
   13    10    14     8
---------------
Progress: 56%
    1     3     8    12
    5     2     7     0
    9     6    15    14
   13    10     4    11
---------------
Progress: 60%
    1     3    14    15
    5     2    12     4
    9     6     0     8
   13    10    11     7
---------------
Progress: 64%
    1     3     8    12
    5     2     7     0
    9     6    15    14
   13    10     4    11
---------------
Progress: 68%
    1     2    15    10
    5     8    12     3
    9     6    11     7
   13    14     4     0
---------------
Progress: 72%
    1     3     7    11
    5     6     8     0
    9    10     4    12
   13    14     2    15
---------------
Progress: 76%
    1     3     8    12
    5     2     4     0
    9     6     7    14
   13    10    15    11
---------------
Progress: 80%
    1     3     8    12
    5     2     4    14
    9     6     7     0
   13    10    15    11
---------------
Progress: 84%
    1     3     8    12
    5     2     4     0
    9     6     7    14
   13    10    15    11
---------------
Progress: 88%
    1    15    12     7
    5     2    11     3
    9     6     0     4
   13    10    14     8
---------------
Progress: 92%
    1    15    12     7
    5     0     2     3
    9     6    11     4
   13    10    14     8
---------------
Progress: 96%
    1     2    15    10
    5     8    12     3
    9     6    11     7
   13     0    14     4
---------------
Progress: 0%
    1     3    15     7
    5     2    14     4
    9     6     8     0
   13    10    12    11
---------------
Progress: 4%
    1     8     4    11
    5     2     3    12
    9     6     0    10
   13    14    15     7
---------------
Progress: 8%
    1     3    14    15
    5     2    12     7
    9     6     0     4
   13    10    11     8
---------------
Progress: 12%
    1     3    10     7
    9     2    15     4
   13     5    12     0
   14     6    11     8
---------------
Progress: 16%
    1     2     4    11
    5     6     7    12
    9     0    14    10
   13    15     3     8
---------------
Progress: 20%
    1    15    12     7
    5     2    11     3
    9     6     0     4
   13    10    14     8
---------------
Progress: 24%
    1     2    15     7
    5     6    12     3
    9    10    11     4
   13     0    14     8
---------------
Progress: 28%
    1     8     4    11
    5     2     3    12
    9     6     0    10
   13    14    15     7
---------------
Progress: 32%
    1     3    11    12
    5     2     0     4
    9     6     7    15
   13    14     8    10
---------------
Progress: 36%
    1     3    14    15
    5     2    12     4
    9     6     0     8
   13    10    11     7
---------------
Progress: 40%
    1     8     0    15
    5     2     6     3
    9    14    10     4
   13     7    12    11
---------------
Progress: 44%
    1     3    11    12
    5     2     4     0
    9     6     7    15
   13    14     8    10
---------------
Progress: 48%
    1     2    15    10
    9     7    12     3
   13     5    11     0
   14     6     8     4
---------------
Progress: 52%
    1     3     7    11
    5     6     8     0
    9    10     4    12
   13    14     2    15
---------------
Progress: 56%
    1     8     0    15
    5     2     6     3
    9    14    10     4
   13     7    12    11
---------------
Progress: 60%
    1     2    15     7
    5     6    12     3
    9    10    11     4
   13     0    14     8
---------------
Progress: 64%
    1     3     4     8
    5     2     7    12
    9     6    15    14
   13    10    11     0
---------------
Progress: 68%
    1     3     8    12
    5     2     7     0
    9     6    15    14
   13    10     4    11
---------------
Progress: 72%
    1     3    14    15
    5     2    12     7
    9     6     0     4
   13    10    11     8
---------------
Progress: 76%
    1     3    11    12
    5     2     0     4
    9     6     7    15
   13    14     8    10
---------------
Progress: 80%
    1     3     8    12
    5     2     7     0
    9     6    15    14
   13    10     4    11
---------------
Progress: 84%
    1     3    11    12
    5     2     4     0
    9     6     7    15
   13    14     8    10
---------------
Progress: 88%
    1     3    11    12
    5     2     4     0
    9     6     7    15
   13    14     8    10
---------------
Progress: 92%
    1     2    15    10
    9     7    12     3
   13     5    11     0
   14     6     8     4
---------------
Progress: 96%
    1     3    14    15
    5     2    12     7
    9     6     0     4
   13    10    11     8
---------------

h1: steps, nodes
[26, 19, 30, 25, 25, 28, 28, 19, 24, 12, 25, 25, 28, 24, 25, 26, 28, 26, 14, 28, 25, 25, 26, 24, 24, 20, 26, 26, 20, 28, 28, 25, 27, 14, 22, 19, 31, 20, 26, 26, 28, 26, 30, 24, 18, 19, 18, 26, 26, 30, 19, 26, 26, 25, 25, 26, 20, 26, 25, 28, 28, 24, 31, 24, 28, 20, 14, 26, 26, 25, 26, 24, 24, 31, 26]
[235740, 6154, 1597276, 165390, 189924, 853777, 1029560, 3332, 110296, 70, 213434, 189924, 853777, 110296, 213434, 442498, 853777, 442498, 256, 518434, 205111, 57374, 235740, 90058, 110296, 6518, 442452, 236984, 5312, 518839, 1251357, 57374, 413349, 256, 27355, 3332, 3005939, 7086, 215367, 216561, 865807, 216561, 2470775, 110300, 2751, 3332, 2751, 215367, 212917, 1928725, 3116, 442479, 235913, 61326, 208561, 215420, 6518, 442479, 189934, 1029112, 751326, 90042, 2938371, 115469, 751326, 6518, 256, 215873, 235913, 189934, 215873, 90042, 90042, 2938371, 235913]
h2: steps, nodes
[26, 19, 30, 25, 25, 28, 28, 19, 24, 12, 25, 25, 28, 24, 25, 26, 28, 26, 14, 28, 25, 25, 26, 24, 24, 20, 26, 26, 20, 28, 28, 25, 29, 14, 22, 19, 31, 20, 26, 26, 28, 26, 30, 24, 18, 19, 18, 26, 26, 30, 19, 26, 26, 25, 25, 26, 20, 26, 25, 28, 28, 24, 31, 24, 28, 20, 14, 26, 26, 25, 26, 24, 24, 31, 26]
[1660, 405, 1939, 2555, 3237, 3854, 6342, 289, 3060, 41, 5692, 3237, 3854, 3060, 5692, 10091, 3854, 10091, 95, 5036, 3564, 683, 1660, 1674, 3060, 346, 10091, 2607, 184, 5036, 13939, 683, 14812, 95, 443, 289, 4480, 341, 1670, 5416, 6338, 5416, 9342, 3060, 284, 289, 284, 1670, 2186, 9699, 71, 10091, 1660, 792, 3430, 1670, 346, 10091, 3237, 6342, 5036, 1674, 2417, 3060, 5036, 346, 95, 5416, 1660, 3237, 5416, 1674, 1674, 2417, 1660]
h3: steps, nodes
[26, 19, 30, 25, 25, 28, 28, 19, 24, 12, 25, 25, 28, 24, 25, 26, 28, 26, 14, 28, 25, 25, 26, 24, 24, 20, 26, 26, 20, 28, 28, 25, 27, 14, 22, 19, 31, 20, 26, 26, 28, 26, 30, 24, 18, 19, 18, 26, 26, 30, 19, 26, 26, 25, 25, 26, 20, 26, 25, 28, 28, 24, 31, 24, 28, 20, 14, 26, 26, 25, 26, 24, 24, 31, 26]
[4699, 721, 12732, 6313, 10328, 15796, 19612, 457, 8354, 41, 13681, 10328, 15796, 8354, 13681, 22626, 15796, 22626, 95, 13105, 10581, 1293, 4699, 4863, 8354, 493, 22626, 6408, 274, 13105, 47673, 1293, 17987, 95, 1473, 457, 18390, 503, 5409, 11142, 19604, 11142, 25637, 8354, 396, 457, 396, 5409, 6235, 24482, 138, 22626, 4699, 1796, 9864, 5409, 493, 22626, 10328, 19612, 13105, 4863, 9840, 8354, 13105, 493, 95, 11142, 4699, 10328, 11142, 4863, 4863, 9840, 4699]
